Defining Categories

Calculating FavoredInputs

Traceback (most recent call last):
  File "BrainRun.py", line 108, in <module>
    typeABrainRun()
  File "BrainRun.py", line 82, in typeABrainRun
    print(FavoredInputs+"\n")
TypeError: can only concatenate list (not "str") to list
Defining Categories

Calculating FavoredInputs

[[263, 9, 394, 140, 396, 16, 17, 149, 24, 281, 280, 28, 286, 287, 32, 34, 164, 48, 51, 309, 54, 65, 323, 201, 75], [128, 4, 266, 395, 14, 399, 16, 274, 146, 20, 21, 278, 151, 24, 282, 285, 157, 160, 32, 35, 165, 293, 305, 179, 54], [129, 3, 131, 388, 390, 392, 395, 269, 272, 18, 275, 276, 295, 41, 174, 46, 309, 55, 184, 183, 317, 202, 203, 77, 81], [259, 134, 141, 398, 281, 26, 153, 158, 159, 288, 287, 34, 161, 37, 166, 167, 168, 296, 299, 49, 305, 51, 53, 310, 183], [129, 258, 387, 131, 133, 391, 7, 263, 10, 12, 16, 272, 273, 145, 146, 152, 281, 27, 285, 158, 289, 292, 305, 309, 312], [385, 387, 260, 133, 134, 265, 394, 10, 396, 9, 140, 139, 145, 279, 286, 159, 166, 296, 172, 300, 181, 187, 190, 72, 330], [2, 387, 390, 8, 139, 16, 273, 145, 274, 148, 277, 151, 282, 164, 301, 307, 308, 309, 316, 62, 320, 66, 194, 69, 326], [387, 133, 10, 395, 394, 267, 143, 17, 25, 282, 26, 29, 35, 37, 40, 298, 42, 46, 49, 306, 184, 324, 201, 73, 203], [128, 385, 388, 132, 389, 7, 10, 11, 12, 138, 16, 274, 146, 18, 21, 278, 153, 30, 32, 290, 37, 296, 298, 42, 173], [256, 2, 3, 134, 6, 399, 143, 147, 21, 22, 23, 154, 155, 285, 159, 35, 292, 165, 295, 300, 302, 48, 49, 306, 307], [1, 258, 5, 389, 265, 137, 12, 280, 154, 282, 38, 39, 45, 179, 311, 184, 57, 317, 63, 320, 321, 194, 68, 197, 201], [129, 389, 9, 137, 395, 141, 398, 275, 20, 147, 152, 154, 27, 155, 291, 165, 39, 300, 46, 179, 308, 182, 317, 61, 320], [0, 389, 6, 266, 139, 141, 14, 143, 144, 271, 15, 145, 20, 277, 278, 159, 35, 36, 294, 296, 175, 305, 177, 314, 186], [258, 130, 132, 3, 134, 6, 9, 13, 399, 271, 17, 19, 154, 286, 288, 36, 165, 166, 294, 296, 41, 170, 301, 174, 303], [387, 388, 261, 131, 263, 8, 393, 6, 139, 14, 143, 271, 147, 24, 27, 287, 34, 295, 296, 169, 40, 307, 55, 57, 61]]
Configuring the Brain

Presenting data

Cycle: 0 of 1

Category: 0-2 of 30

